590 102
5189 4713
8660 4818
263 9111
8115 2302
9847 4908
2291 474
3654 9012
9005 8942
2791 5462
3410 8511
8934 3684
6809 2693
5676 5514
4564 2491
3438 7330
9343 7793
6153 3198
7882 3482
1855 5924
9709 6618
4250 6921
9290 3234
8532 1020
1021 4468
3628 6180
8929 2594
8329 720
7741 1085
626 7236
2249 2671
3138 7702
9689 3988
5170 5086
1362 8911
9372 9490
4294 8287
1830 5994
6903 3911
2959 2580
595 2555
4502 5080
9119 6876
6842 5835
5900 6973
2060 6376
1190 7339
9069 2852
9520 317
1730 1099
7403 18
6785 2909
7155 9693
2309 4434
4042 8381
1737 2109
2687 7821
768 5762
1302 1942
2446 1586
7578 7877
3845 1001
2740 1396
4203 9380
2491 4876
3808 5551
4705 7702
9179 5280
389 5848
1029 6542
6730 4254
6534 2092
6151 4468
4616 6624
1394 9711
2149 8742
2908 9861
3450 4211
2197 4528
6820 5847
6543 6173
9959 9014
4075 9919
9955 7787
2276 2749
1781 6310
5966 8035
5050 4383
2037 9165
8291 7381
6009 1212
7236 7178
2584 9719
3970 1642
9689 4206
1188 7395
8702 8229
9164 8465
6010 4191
7957 1891
4426 5672
3456 1382
5142 2622
2004 8200
1732 8832
5566 1811
9202 3610
4616 9978
1759 9792
999 2190
9112 2846
9689 1929
4119 5002
4574 9565
3845 60
8444 9319
2714 1201
4281 2686
7650 2597
8345 5864
2398 7544
7194 5954
4178 2706
7809 8554
7881 1316
9537 1832
3375 5683
7057 4646
7755 1398
6627 484
5512 5199
9316 1542
7021 3192
383 650
4109 7014
4034 5369
2781 7020
8427 8891
1424 6601
1909 5062
1485 7612
6575 5603
6851 8330
5287 5260
3338 9330
2240 9187
9796 3238
6871 6743
9513 411
3883 976
8219 6175
4393 517
5445 2579
6994 5847
2816 436
3062 1377
7448 4986
7836 993
5204 2670
9303 6800
2369 6244
8509 2674
2164 8985
2929 9995
1965 1518
1569 4844
50 5503
8622 9358
705 5363
3072 6876
5328 6669
7604 1154
7963 2546
1923 6970
858 9416
9154 6161
2701 1
8136 2117
8950 365
1778 6472
9112 882
6233 150
6939 5925
5458 9524
9780 335
6244 560
426 4812
5819 9307
9509 2128
9548 4131
8366 7193
9650 1472
4132 2332
1002 4123
6616 4399
8297 7753
9026 5998
6789 981
5738 9570
1885 224
4787 2425
2713 3099
6758 9540
7484 3221
322 8291
9691 338
986 9267
5054 4966
2272 7356
7199 2421
5630 1991
5376 3713
5703 3203
3724 8036
5525 2341
9394 4897
4314 2348
4372 659
184 1338
9189 7312
5455 7700
664 2684
9257 1699
5924 6020
2405 4610
8142 9541
742 3415
9336 7504
3041 1016
9108 4747
800 9425
7351 5740
7627 1284
8262 7810
692 4292
7478 8619
8249 2355
244 5937
438 7474
7021 9326
3579 4571
9842 1268
9216 5710
5576 2953
9584 2740
2767 7834
6448 3975
1749 5159
847 3389
1432 9329
6405 4942
2478 2709
5698 8805
3337 2143
4848 1388
3781 3109
3439 253
843 8117
3542 8060
8728 6229
9086 9322
7870 6959
7529 2329
9680 432
9782 3953
3502 7007
1403 6666
3725 5080
8698 9065
4345 447
2003 868
3199 8119
5433 8474
7762 7603
1642 799
7469 3078
8308 1058
610 3035
1764 2543
6967 3393
2448 274
1513 3136
9339 5966
61 4838
7636 6271
8504 2718
1113 3093
7941 6784
473 1137
2041 5157
9683 53
2669 7403
5000 7726
3917 3941
773 9011
7627 255
7140 4434
3377 3498
6922 5941
3512 147
8759 5676
87 9506
4159 3303
8242 5717
5384 5549
2330 8117
2213 3707
6060 8466
121 8030
3932 275
3168 3116
5453 9075
5386 9603
473 6969
262 9797
6229 7242
4763 5972
431 7848
8105 7815
4075 5126
556 3447
8027 9927
1162 4880
2212 9489
1531 5267
813 8593
5444 8513
1707 4589
6452 1301
3518 7743
7393 9158
2573 7362
9200 4489
5404 7648
894 1076
2657 5165
7237 4653
5710 7945
7332 7223
5314 400
8371 2314
3937 6684
4968 7437
5137 67
68 1940
6091 9713
687 6985
7868 1284
8358 3649
6990 7446
6343 5332
5575 1729
112 8852
2901 9445
936 8646
2526 6306
7153 9616
5026 6840
5856 5775
6630 1562
1493 2315
4094 7454
427 7128
5232 6290
8661 7293
3929 9130
8818 8190
1288 4471
8334 1948
916 5969
3165 2892
4552 7297
8208 7553
5164 2477
3892 8877
9079 8617
3097 9372
4249 3065
4252 3339
2436 8230
310 6418
9932 3039
1403 9739
1553 2276
5286 9344
6607 6390
4656 7352
9822 8733
9950 792
6500 5150
8519 494
8988 2236
3377 8927
7308 5097
3270 9152
578 8844
9591 4759
1463 3865
8236 5853
4869 6351
9950 9362
3935 4171
6092 838
6988 9369
6858 4308
6685 9460
9040 9686
162 9098
5518 2923
1018 1519
2975 6463
5163 8862
9841 3678
5546 5805
5912 1929
9432 5794
6967 6922
8471 4000
7275 9064
1422 7712
6144 148
8888 3076
7945 8785
7360 1323
9017 3441
1332 4460
4946 462
3839 6246
5987 9664
312 1362
2444 8099
4984 4130
1806 8246
7679 5908
5700 2493
2998 5585
2924 1178
8520 3447
7494 5738
8180 4558
4391 3576
934 8957
7013 3203
4928 8011
4104 2141
4397 4451
7010 9970
9139 9462
2585 4727
3856 208
317 8144
8680 231
2542 5294
5668 2647
4580 4251
114 6946
2469 3056
7283 1461
6853 5400
6695 1964
6487 2512
3782 4692
4141 4388
6418 5940
2226 6053
2739 125
2012 4905
9057 3883
1836 7541
9070 166
3408 1014
8901 2638
8430 8750
4740 8073
7279 3743
8351 4234
7115 6448
2512 6007
8137 337
8393 2535
7856 6360
3414 3520
4814 4806
2216 5064
9954 7918
4848 1246
4173 2482
7232 7443
2409 3712
8277 3316
1058 1043
8777 539
9782 7947
3468 2966
8833 5312
2289 7919
4922 2648
5952 7615
3244 585
8650 4378
9069 3928
7010 1035
1143 1760
3699 5717
3382 2936
9357 3669
6611 5913
3062 8243
5558 3369
8297 2714
3268 3183
2858 2748
4768 4569
4487 4673
6364 2750
1080 2644
8586 9584
963 1593
5968 1898
947 5620
3493 5962
506 7281
9284 8160
8801 3791
9852 3266
2613 8370
9748 5289
8608 1178
5678 6116
3566 3115
5361 7216
5775 8933
7998 5132
5378 2130
9549 6285
2851 2418
6963 949
7878 4623
4812 912
1445 1017
9810 3068
2389 935
5055 1811
1754 2668
5474 2147
7452 6831
1249 3186
1935 8400
206 8308
439 8917
9549 9071
6805 9528
7807 8786
95 8686
1234 5943
4852 2415
5731 2474
4068 2737
1311 7744
745 4568
8738 5711
1410 1176
3322 9189
5660 1144
3556 2988
5163 2215
6942 8486
2890 6272
347 5359
434 6067
78 4961
1592 8806
1741 7668
3891 999
4725 1103
8140 9640
6391 9797
1289 6330
723 7317
6585 906
9749 7050
5269 2761
5170 8422
9786 831
3495 5183
8251 1320
7750 5064
2377 7934
7145 9668
5314 3312
1969 5910
8734 1087
5880 7458
3260 180
9713 7585
6954 1805
8487 1248
3479 2742
8302 9224
5506 6112
7320 9781
4879 6352
4287 3481
3811 293
8732 8212
4168 9194
6476 9859
7599 2151
5642 5221
8189 1722
6378 364
8231 8754
6210 6326
9029 9451
1227 878
5533 2531
3027 8968
8776 7848
1648 2279
9237 2123
8057 9065
2577 1034
7843 7991
5993 7501
8422 5971
7516 7018
1670 2920
6131 5216
4658 8655
4710 6620
9446 5281
6435 6593
68 9222
5077 9411
5109 2077
9888 7510
608 7448
2332 4364
2733 8642
8643 4080
2924 2792
3184 2147
6017 1737
5766 9240
2399 7747
5276 7385
3338 8677
8253 7156
5473 4484
6443 1313
2899 8806
1271 756
4105 9746
4278 3960
9634 6190
7645 5660
3456 9929
677 1226
4094 5753
3856 7274
9687 730
9265 65
67 8052
2084 6908
9751 5680
4279 5246
6892 3364
865 6825
1664 8743
6958 9349
3414 8199
9606 968
5913 387
9134 556
3722 3866
916 4727
185 711
3886 2864
9619 3879
7988 637
1884 3297
6928 6106
6484 5950
3534 6003
6722 5587
8103 8668
9447 2029
5452 1374
3095 2755
4316 3485
5780 5116
4784 5233
9254 8840
5583 1773
8256 3902
8941 5683
4103 7838
2807 7302
6779 9227
4229 9361
8612 7888
8504 7307
7753 8590
4604 6943
2402 185
7705 7414
7006 2725
6871 1935
443 5959
8911 3376
6905 6169
5451 2682
663 2501
6898 1181
9337 8116
1011 4302
5683 8809
5929 2826
4216 3320
625 6842
3035 9563
1061 4842
1880 638
8898 5981
2623 7625
2799 7109
9113 6248
1502 1632
4238 4270
1526 6931
9962 2769
6116 1848
696 5992
2413 6489
8201 4142
2134 9838
6965 6637
3175 5289
3089 648
7844 2030
929 1839
7005 4345
4749 2901
826 7071
9783 6718
7483 4740
9994 452
6741 121
7310 5892
2541 484
5286 2399
5537 6012
3204 6325
2712 5971
270 6090
6322 5003
4417 918
4041 7353
5250 9836
5886 1126
3237 6993
6640 957
2543 5993
4778 2797
1729 6103
1096 9853
5803 6173
7357 9483
9121 6262
7488 8605
4571 1428
9864 589
9072 4333
8417 6327
4841 7237
4636 1896
6998 7078
3126 7854
7051 4959
2761 8369
8662 1030
1996 4873
5532 1506
321 9451
7983 8509
9347 5702
9809 794
501 820
3677 7905
9054 3034
2990 9318
2206 7280
3859 1921
26 1631
2388 1391
3564 6205
4612 113
9337 7156
4544 3826
9917 5292
6177 5375
3739 6572
5112 8302
9517 339
3223 955
5965 5527
2340 538
9086 607
3765 4056
5761 9786
4466 2233
1921 8346
177 9019
7102 8420
7574 1645
7798 6473
4423 9128
2262 8717
559 3962
4085 392
8422 420
5314 2151
7832 9889
2472 8394
4598 7979
1715 5525
2048 1506
9286 3427
6923 5869
5676 1192
6339 6122
8599 7451
471 6242
9332 8024
621 8209
3181 769
683 2385
243 8121
3298 5170
3519 2830
3026 8292
2237 2905
884 5726
4107 1312
3096 4391
8837 8060
8928 368
1417 2975
1989 8018
5137 2222
342 9013
3317 29
4019 9509
9429 5080
1035 2457
5166 5013
7858 1059
9680 8492
9829 7945
9790 1476
3577 9973
7151 5821
5158 9700
7573 1050
9562 7040
3275 2141
1331 1777
1241 2895
7974 2628
7236 7254
2985 7564
7576 5672
9995 8743
2165 7301
7547 6630
567 2335
7219 9018
1816 315
364 6336
4706 6483
4123 5766
4331 5159
6506 3015
5008 757
9963 7507
9518 5695
2062 4665
7576 1316
5362 4003
2233 2097
1888 1095
136 982
6861 5907
414 3305
6513 6219
240 8854
6206 1424
6141 5551
4385 304
5230 9824
3391 5420
1574 2991
6112 4191
2751 9487
3283 1961
3795 1256
7569 6946
3626 740
6286 5548
1385 5108
2865 6749
3585 4952
5524 890
5086 1681
5691 7780
6292 9049
4679 5508
7831 848
6990 7598
9756 8555
4984 9650
8794 3009
129 9836
3801 2752
752 6254
2404 5893
8486 4272
4020 8528
5966 9383
9318 953
5961 8651
5849 1065
3055 9047
6869 5255
5399 3947
9116 173
6927 3964
2006 9770
2654 4662
2759 4723
8644 2994
261 9559
4211 7707
5474 4862
6837 2975
4994 4373
4503 5067
8872 1521
4173 6347
7890 3976
696 5952
618 8346
3461 1051
2040 3749
6963 9528
8803 7783
7181 3906
6402 4395
2958 8136
8230 3733
2256 8464
4983 1728
9126 389
7506 2521
2262 5705
7988 5112
7495 2459
1624 4565
6868 6976
22 6218
204 4296
6796 6127
4366 4362
6016 6703
7309 4860
8255 5856
9454 1079
9644 8261
4063 2226
5364 9639
75 1685
9664 6033
6150 862
1739 3075
6142 1317
9760 7351
3403 7084
8294 6775
8159 6351
6047 7867
4681 2944
1504 4259
9384 7461
3658 4614
8119 9350
3797 3308
225 1439
7172 1216
7315 4824
1003 2117